813492674271571970
767006836134477824
744881390920015872
695948086808571904
759280051577839616
737636322337136640
705446455780073472
834343983304364033
734346987814981632
733716431012016128
610886907879407616
659478508100526080
743171872855044096
732241993749827585
586238999846637568
598822656591339520
761025363564560384
819585181036249088
701822433934888960
734044145778626561
557432208143560704
729534707642208256
765239258349203456
716681422409322497
839931007629426688
748212561686863872
698053709201285120
488461220106993664
812009275857993732
458541677175910400
627523042323918848
642763728832737280
833757416592437250
760056298121625600
769737586625515520
748754142688980992
711207716815904769
716123184135815168
787611790519795712
666585058086690816
623009192001966086
694102494566313984
731929985775243264
781372415062450176
835111204754423809
743190293982384128
829440764434329601
769576956807360512
671419342559539200
713754046297837568
720271313579802625
830033881424334848
753962970430918657
806899360223129600
744851200206602240
761255530782396420
734382723306033156
645284820558282752
683977954842419200
708978654315995136
751167309021081600
785885846276829184
839023726184312832
688279819797172224
774941969449623553
728961947035705345
752928178490974208
750373142367989760
671387871417344001
764057537549262849
646700704006975489
612636137153282048
411107362330533888
580222431408701440
671376226183872513
348085160371175424
742874083755470848
709433698844680192
767441113720426496
681618227911340032
713315717089738752
750950697546514432
746831039692083200
674591793166479360
842356778826313728
769768958610313216
346469846340493313
826509635330928640
749652529244504064
837970305117224961
439016029696831488
835504979347656706
765496118905942017
739892839761489920
782117839582863361
747552086104096769
705601177669337088
744547426200059904
722798418553282561
781692747388448768
821039014862061573
786909876849143808
692739270952488960
25529527266443264
721739310865768448
721581543915958272
712605400839749633
760198901643313152
744897570225414144
697167381840404481
834849238177738752
559009087115915264
778628082219388928
835019320652619776
73333964865146880
656096972080726016
796212485363761153
474594475725950977
691158424181198848
749545782466867200
488215835874299904
750014462237736960
590406404348874752
715505315089747968
776109168751210498
751047869650599936
415924450673307650
567548272177209344
737712029583220736
711219221355626499
682551133970272256
812617740695453698
778929141353705472
585328776877309952
693020031408590848
700763794906206209
742856268650516484
803882007877087232
588777046207139840
747200775147892736
333629822465085440
619039854496739328
488216141672615937
751140263997870080
756395556004651008
752157392192823296
801495901860724740
774975191000678401
471177272301350912
834337121389391873
596591949395570688
840922369719971841
702217475342073856
707972554728849408
744405608862990336
842325422125768705
725003424035659776
710059424828809216
522334328622444544
736259186447650817
708732259965214724
414808311137964032
788084932514054144
730678991066169344
743865578222456836
553090881171886081
55653428323557376
753673769487572992
555704411926712320
742242617375612929
829797086421868544
728533410277404672
777831219379732480
809440994542415873
769736707453235200
697304054637068288
725796900373446656
769894018247430144
751506215373512704
812294701541982208
740941323709108224
715198579938353152
774610756943962112
523883319717400577
330717508246052865
745452471204646912
812042726548144128
614380004705636352
558300918056103938
812579429516013569
750886320352817152
684078437921910784
714823836710133760
666706140709933056
827506867559624704
820544795244371969
467543953378533376
818031658066657280
769400539373268992
732990016658497536
836310807218532352
833221046929076224
673499250286792704
750345137105072132
645360503246589952
704411418313883648
757631172524535808
626247625109577729
567574472324943872
691921288026275840
544196702819725312
829814729816182784
460849185378430977
746398515232792576
739094318527467520
677943736794353664
748841784353120256
746642569434660864
759536172779573248
720091392861712384
733171470470393856
831534130017992704
742612560273248257
653604644086775810
753715650481254400
715562860718391301
738341538464337921
814784803723677696
818211111455563778
734399898225938432
701623491154440193
837739156881215491
679284338542911488
736938093572292608
838375397234466817
804748794642501633
752100108410429440
796044670795005952
809682353656369154
701123609238974465
801830455796531200
833171433643769857
377421693494374402
742663574716350464
700740330480660481
787064770851733509
360410670207991808
736985531989565440
690094040436576258
637470206885888000
711194805116739584
716971182277451776
699565032091230211
754394014355451904
837312913790619652
741483043811037188
611237335993159680
417010706907926528
832284990926880769
718064273319141376
789856099151204352
774765917083402241
699648417081987072
706351862883205121
741614699675058176
785366537121177600
683268648799186944
724498393062477824
785067465164353536
807106509976932353
699966683528740866
612540200963674112
617771407443767296
745578921987538944
665952298925842432
833760899836047361
830096843161808897
534781082101485568
752917526141661185
645640147162169344
841182406803619840
821031673655599105
767674192758185984
842869124929851392
305286480941703168
713742798227288065
304277863564210178
752816502710145024
663695772689526784
710230062285635585
718847385301028864
587597688532680704
823906827490459648
209247333051924481
731032096358031360
839360472361021440
834828040983212032
780081704346218497
16710789132
765597359233523712
715088574429921280
762983572806348800
759320678847778818
716295274541395972
791002432134344705
688666251699163136
740634292171251712
581288563465043968
839251351339216896
468627427673923584
720323041989820416
649881886160871424
751478240619925504
726010896007487488
716618096103071748
349867235671678976
670671339217420288
734783439522648065
751132852864053248
733394849701847040
467324897027321856
754757029777043456
560088178720141312
838099999925944322
837774124126699520
739819401734725632
784009223587987456
723507212681793536
731170294119993344
732081055671455745
735874644234768384
807278393456807936
429997655490433026
508647691380080640
709999861177917440
753986195072360448
559269625783779328
749510711542448128
720288441397854208
676703217556787200
829807871642591232
387681009606885376
802461046384431105
835532114103775232
722495008771870721
756115334990598145
670304481310081025
711192601752276993
763714835272138754
838717126277898240
800366165142818817
731835300138373120
617308850140504065
467284538264416256
715571385138024448
823969698152906753
823599087077457920
750934986837127169
687994028651081728
386548092578717696
793876960103505920
814544830261055490
749852893021401088
765092727717494784
715161087692443648
419095362347864064
704169108502245376
823015728093609985
818142317391609856
715585799480213504
744151583206801408
746253669780185089
736589540257890305
682490687150026756
823603715907223553
677558434024333312
730854765635248128
749545974712963072
841888504879693827
635880353949835264
729683443756507137
606405629574406144
823895348712185856
367712963647787008
789164719248543745
714755669707063296
815839880123138048
677514980292431872
840587104405114881
764855791820140544
796598879110172672
833073485182275585
30664651612094465
817722519193063425
829726505244774402
506124282980999168
767123550054514688
483665002855809024
699350778725531649
829425207920230403
638751838372691969
574873884651995136
406158907220832256
498523892252545026
747457954056634368
687556930068287489
664422474046566400
752086226044420096
829724009872945154
632682266884354049
563756784603512832
839443155418296320
475483193563287552
575689090995105792
779758063251226624
764923192012001281
755024105393491968
723380542931013632
207168780848218114
469844163605708800
825680213841358848
710865145170296833
626072420118499329
742428965151870976
727897087891939329
469588717770784768
679637384326176768
842439437908865028
426425947311439872
649874521567072256
181409338391400448
662904474629898240
739811830885912576
386226678940581888
703936670127693824
634402251558121472
700767174923837441
748873578603503616
624859412675563520
817047562565939205
228837980574478336
682133372114579457
801480442645880832
750773646034137090
769440582234177536
741007505195716608
607209564732293120
698857435226894336
762428451089371138
365782716937011200
696683918536257536
838112516265938945
809113357575827456
505395876781494272
701777325231382528
651031699107610626
756395415126310913
453164814362099712
684999470904311808
709432498837700608
837238962989182976
612512285571952640
455370504220594178
768072921868857344
507927486110244864
809057036637978625
644963071300083712
731826952978452481
714823442319540224
623742789973454848
796030417807753217
640228566571991040
770959746069299201
735508118839365633
841714537975824384
832637480352497664
754940803663982592
830098542211522561
509056883173253120
621985319966089217
696596012643827716
745260603279839233
770342040638984192
699684613590007809
741659017932623872
716897854749413376
755463850959536128
702193177906774016
828686396743380993
613799472066228224
760277279742291968
399249421982269440
836449164653432832
819812420226953218
825271178604470272
750814742369959936
443330912915161088
707576208557514752
731361332486930432
719770041844047872
513992070671765505
599566555093962753
715764176552124418
782170077730902017
283110522533052416
779386334725242880
733336238799880193
815521396826734592
837751536642052096
775768526044921856
797833002516705281
735501884606271489
704388191554572293
702786547888705536
642054751459274753
711224110341361664
809066139011555328
751509102409515008
703627759818575873
456498802443030529
596682610450894848
822749605955825664
179318313325821955
751693217884700672
803243010926342144
699840932682866688
598487370082619393
794446513015496705
690604995679502337
760521633333440513
784288252383506432
743400359624843264
793052398017052672
636384952733450240
569526380314042368
711168397266911232
697126178159796226
777542392031346689
605332599431528448
620562715572998144
629324402987921408
764918406827114498
696747883568168961
757631836831019008
698168175863689217
600103387451887617
831856934630412293
714728668090728448
418070395900919809
641505731577954304
712286295528067077
835583389013065729
742060226090655744
561388906709389312
768326915123847168
684424332223721472
468444103525404672
684362615322206208
769588553181298688
723543087860031488
727521079003078656
685941269495943169
667064884081856513
734647718987997184
752117457897349120
753573463621722112
735156709073682435
820554336233062401
447676003738189824
735461890579660800
832279404210487296
566862029479501824
758039089895575552
756196179029946368
635430364958199808
645255283191775232
838452460847001602
747066712722399232
692411650155110400
835807566122844161
769358350798782464
416971427376406528
643394324957409281
835176626195427329
703573869240655872
694500002270437376
721415357605494785
826078710193340416
690435828762460160
590044097756336129
740884657126952960
552032755165315072
712512185071702017
729240548545073152
736875679246102528
723216652188397568
842405293896134656
723148352938897408
774680427479138305
641646011350257664
830295922244456448
752852332535316480
804633771341451264
743053540994605057
731168555237031937
610155198829346816
799262362767421440
791700500961910784
687270163717185536
748873856534937601
808272685117673472
742791125094834176
764777182132658176
721977268776542208
714110061895766016
837702405672284160
749320430113161216
680405949077663744
730630826543583232
811555262339366912
723221107629801472
827948208999452672
746695957002092544
809253310909845504
733434283440918528
750500771389636608
616559191470272512
646920316728414208
819906219083173891
780129096571518981
774967187643703297
706944956125073408
490854636509593600
765504293059387392
842504323200303104
803865473276329984
435071722169982976
802456508483059712
784272022524207104
721670487605125125
735011151449317376
431822629293416448
833756047470915585
674963707634589696
823580065795543042
759772982071873539
751942360335081472
575597933241835521
662996004720001024
223458229986934787
838419750590025728
724317991953940481
806145558926626816
634989390079520770
790880335047319552
744825651652362240
561417968349753344
714091983032070144
682407747133030400
488987257714790400
799525657797595136
733717725525204992
735905489872117761
496903882224582656
713026189967953921
838446969068662784
536871991450431489
710806259927220224
472116835790233600
750989853135863809
663231656405241856
711230468729937920
751707298612084736
526109516283514881
748245969112817664
734034676147490816
704913632698753024
840399871085436928
755672711125401600
833378853246603264
838068476795371520
810061968103055361
509636423964585984
664342625177067520
800067223654043648
565926146571632640
552901097640050688
812621023057059840
712677604709388288
768850941869195264
705104049163603969
730102806019969025
711209476355915780
81287037965189120
708606658725941248
466566579208343552
814203849066119169
747275369284145153
699940308134584321
248456426991779843
833027447025201152
732870860651003904
407698906017849344
416484201915875328
766318828812767232
664886961497374721
665491141081608192
733036230024302592
803930172277694464
694938745041219584
833237143812177920
838374929900916737
799933744601698304
445763962575917056
304104630256812032
711259302653104128
690215757871853568
838434401130278913
781538953761550336
838293218051698688
743818623441997826
653990289804259329
606487287891755008
473750104839421952
575188100386705408
808649042439892992
746777780902203393
701434331873423362
790223182183751680
712208310443716608
833407359263375364
721570094648836096
767331672765435904
753481244369821696
728995764987432960
739447146257260544
431402320123817984
792036937267675136
827128221066002432
819818149847695362
756883599908102144
745375936325947392
617706375045459970
748505327256035328
690089446264422400
716238508214460416
712698318271471618
495980735786790914
569019181263233025
746439966876704768
748581553572294656
711221329136107520
741228969081614336
716121430316810240
809633502878691328
469210936193323010
721941731122393090
706379006128558080
840463437998174208
759498467333070849
757322987150446592
730431944496840704
668500065162432512
728224028075409408
737619169194086402
804663897722589184
723076228484308992
738430863738830848
532166959224221696
727539995498663937
769630432782606336
835561331285721088
828634717914279936
620585583950340096
748816255440658432
747199449559072769
700224389313200129
526366951363575808
840282623557607424
753487093154783232
745220680950648832
564468310142513152
747498328292790272
828164653113028608
739492280432795649
734165103835254784
574635563061370880
600041790557655040
741399261842157568
836367792916017152
511956409781477376
739165909164556288
625682406587166720
647660380198600704
695191746007973888
705804044246368256
835213384136200193
795292239148810240
671414997877186561
795908074112487424
714549040159981568
821315491805405184
735710893913186305
667360756577476608
828164822671949824
750529998973444096
842360314519732225
769589223867285505
581146959576104960
472176787686842368
755464576506929152
817377731637702660
641188617826664448
748503244712849408
711528522192265216
522086661317230593
828303897978609664
693013846852771840
729908138338562048
745258296920027137
842640665376886785
702202208658583552
743874111273742336
652884001972031488
797170151137439745
842038630566649856
653996284618088448
758605063648579585
706972847080472577
682949195674828800
395626608616554496
757798302746148865
537657117629349888
629295371110387712
820991181324595203
738850812949061633
641240912312565760
744531102895841280
601071252997074944
577051332403544064
838456430848061445
759334423779274752
798506095555842048
740958523799031809
533634875228573696
743038483393085441
681880579554451456
743835898454773760
747098067241836544
277706434043584512
736925297115824128
420247848350142464
827730569958035456
825784059418779648
752118510256582656
567773660723687424
745425516316921857
815291512900747265
693204974155776002
813948173500694528
716720335991808000
763447431711170561
825624331694829569
755160744996593664
835564124423741441
755132329547403265
792731539444469760
835132242263425025
839680746835099648
719177465348886528
759713816921845760
734333026281361408
827854503860805632
743456215414407169
698742064473862144
554733568195194880
723431535655804928
720219587564974080
750987238876512256
730134281075474432
786634183342981120
647777563117355008
760470051073826816
510019603330646017
589690191473823744
751088306306191361
819582687371464704
698112120177688576
800759012849582081
827507208866951170
769764658140028928
769787684764151808
741898512099577856
688274725835939840
657382028883697665
806900179358060544
750882139806269440
731778413493506050
830843516691439616
682407568455544832
715586256680280064
780808894062800896
825348593783549952
721740092365266946
716566205637615617
661293858383360000
611625164338409473
517938114338115585
666052304039055360
767023309657628673
818347525350506497
651381954101641217
841648459140718592
704699894410420224
718727692443652096
411557535846387713
775732581463650304
825798194940485633
466065667364384768
747836236610609152
711252096469868545
605652866276061184
734386843714748416
789512929813069824
751927010969157632
711462872736538624
705077460606390272
797999419069075456
723240575445667840
703608937715785728
602182300793577472
617105996264030208
775218867379535872
733304142899220480
133206523898892288
430748596095287297
648203506055122944
682587850081173504
751420642382213121
690134769875685377
830643272557133825
830392668517711873
752219846943789057
558720109305266176
744595984693399552
769272589286014977
565029241733926912
452518881798529024
372242904665698304
789474050561155072
464708203314294784
741285153100693504
745303442642505728
824845927231860737
842114263921614850
477105728650371072
407943529328283648
750370015099162625
837970737097027584
837732212976005120
702385496404729856
664844873091178501
735107312583593984
749339119734689792
710077451477622784
731402255656718336
656521659990544384
840447940854501376
700787685791813633
477443233685852160
834837915339464706
742871625599733764
749031678849478656
706512890514157568
745895750727536640
742038980187807744
750413154656608256
431872531260510208
752268241704218624
752184876472860673
788457598370582528
680758399697555456
738002060826681348
769818370128637952
805169451826024448
723195309849870336
751759836837273600
744656162046386176
775215738445496320
705001190837391361
431858555223023616
690866506142384128
796191949485002753
617411227765964800
576065322425282560
834972874188390400
749600720979169281
715803660987539456
712696394583293952
686439324858990592
750741594035347456
746687102209908736
541307379313561600
714141939897995264
454000341730615296
434573902699069440
764355259066118144
711192129893232640
584069934289817601
838433058650980352
715581427689984001
726283727731564545
750366916464766976
748223407502786561
667297348301664256
587678196344037376
375342246356213760
759420045504176128
475831528337854464
785072959643906048
586766214388518913
691309520320999424
840945767305076739
807111749296123904
750983071676010500
701481376328114176
681137804600999936
773569835229974528
748917696037851136
471018192337252352
679387460871262208
782939655461277696
783731745321586688
626767434423230464
669861296259661824
353810590122246144
834820835156381696
809692565926801409
822528385247309825
739417603760893952
553449571217465344
733231280007958529
555597436106723328
697108455182770176
486081161295179776
748009955861606400
782157176332750848
733046475056422912
614834374790508544
626484002669506560
715545757114351617
495941215573913600
538419891879940096
710200972816097280
738780517940633601
805500300111073280
572109080912797697
832270827353735169
769238980818796544
662679378707521537
747393827384725504
167575668220100610
742879046506184704
837355785743134720
510441381781708800
684005725765500928
840101654842163200
722470845768187904
465882228321292288
792374923536822272
749667411356377088
763639692176814080
731459539674005504
831214495221633026
718458206716997633
398826623866118144
623208584608772096
547828569972281346
601476466275127298
671382567686418432
742015386141483008
495809340108857345
707134224554434560
447609688629051394
736191513215008768
363949866491191296
800297617099886592
749669964693385216
752415797730041857
753688852712259584
367572944337133569
619079355054985216
513375400165011456
713349239682809857
689107220106227713
757876834335883265
788781595922759680
750329141409570816
759494164430094336
748298188382076928
433898151762984960
767432523278389248
724891737613819906
660786151410765824
550304134461534211
569346430193819649
764498510133628928
738034266622152704
814832428808278016
775218421155958785
605698633808277505
800430364237959168
742422056676003841
755210666559016960
723517248372133890
723275946703331329
780740277506039808
713390285523460096
838799183834451969
738818914491207680
740170568952127488
750504612545695744
552379246661083137
826821134712786945
752244264063688704
553946535151431681
740413050226921477
682904278445330432
839527502548713473
764484797678882816
741396574555643904
829917722247098368
754665987513917441
736968630680846336
703626140766765056
617205003690881025
747047846285762561
720972564915494912
743517499086503939
583685149134495744
715760847805620230
813819434804584450
785919558939017216
737023808805195777
559263040424521729
800331418236661760
708717070112792577
747838368223006720
738379405173477377
733231073954570240
617378393038794752
835501663595151360
650527469426995204
830459546464374784
154449891739971584
172711806895263745
835389448808513537
557430771195994112
811884286618046464
197996455963795456
795250649122373632
723186111808462848
752073404212187136
740503075723587584
743481246601207808
841130511523229696
840280568700968960
730479603937124353
689312447547752448
744316108627451904
787092142816694276
797720495898722304
771406531460001792
706517486234116096
574272270174187520
769612682840252416
784012955465711617
750472475474001920
688630190650474501
776773291340132353
745137418152509440
635903104102236160
624449909165457408
734323236129890304
596575301854896128
715575710505680897
764538000562855936
708309674009956352
690067658750980096
411804680973733888
789762548924944384
742004108027133952
758247896428974080
784471540612071428
751155198215741440
710410676301406208
702214293538869248
738037201406021633
796799728549826560
809809333101989888
495592049932910592
752937465678266368
736050175420993536
499772361587978240
816546594061434880
747526885870084096
716494551377162240
550962742006267905
763240910243102720
397261803777822720
450247120608825344
444490543767511041
835560065159561216
769595599821889551
741915482458980352
729673092763660288
693421644577161216
515582969444974592
251142681005289472
789506010599727104
603195339848327169
746770058513285120
721417540862361600
840447546338209792
372042567778451457
579317751103148032
712684746250313729
734371728047116289
759049525906374656
602535430618157056
821008605201727488
702200783811518464
798253611973124097
794882825669505024
683697357871972352
357576671022419968
825250509493792768
599272076717858816
752904430438187008
737959716672933888
728854551521046528
767820838624235520
780814992249610241
582828234221318144
362990919118618625
617047214804709376
715160408814956549
690777595126767616
748205272326250496
777415945526603776
703589004806070272
588053103812841472
711104597868187648
690235078044155904
689362193641541632
736595141012688897
717395371580739584
734373803774627840
762401397308612608
837020102151274496
716360806183649281
836564074611761156
723796199740940288
737202356199120897
760165351481106432
696406911030333441
742970871342632961
711219687342923777
683978445928271872
816240972992495616
743771804397867009
806618267385286661
678476195181289472
823217296785149955
482819569350754304
711257314448285696
612514632360677376
747533328111251456
742387046967218177
631932058504327168
754372025397997569
780689680224358401
605237483681366016
825743258424860672
746614392171659265
786498316632788992
621684449655320576
733855178114404352
10380547394109440
673178636824928256
696006061803888642
743539108090363906
764142418082066432
698140466534027264
686229063489433602
606628486825058304
624242336516562944
766203100550029312
161891212092121088
768045813142544384
713460792339861504
388591645681545216
837746741063593992
838703117810085888
744122019931918336
763674497933336576
748246556998959104
745425415154503681
765950933658378240
775580677974687744
741561478499569664
412742925299097600
697814701808472064
666689878042787840
713206502106923009
747606254399393793
608667034797285376
774981909449441280
832940089584001024
733305707689213953
416308288587063296
733605083024236544
717466999480135680
826035521558310913
587678485151219713
834412062457593858
748839680368599040
827391587759976448
731197579556442112
380026014975688704
731460088741953536
753583516638732288
768844860006633472
415905243407589376
833913357375832064
714144112862212097
831232488794112003
513987180616638464
752783444866805761
639249181241049088
559729925649739777
641951887059587072
835872481835692032
713833727101681664
775017036686749696
737356713746038784
653459738223583232
836447114779635712
733691465881292800
724476992242896896
415140926734868480
627083708806230016
820677965520453633
688343828160466944
832301850057641984
744420394468179968
751476426520596480
722500144768401410
833045085629587456
836586824621572100
836613512860426240
689765991358660609
823168090829680640
812014114910470144
751481409097924608
693769347454627842
751787397965287424
684065310211764224
836654503067693057
740913807573143552
840236284408868864
644592818124623872
448722727101136896
812301189207322625
557802962756861952
755067473041367040
763786782777507840
744181886491238400
727820184237412352
731256602641219584
791106270065463296
836825050162597888
691524914357100544
797070892404764675
283657435670011905
571535429817671680
702446558139322369
678325787515318272
841024129675452421
757596713884450816
800072303509782529
715184082515197952
826671015749120000
426409235870543872
742648384062951424
799799850141437952
728688182980685824
643341006557986816
795239160588238848
834393136998789122
768467883500376065
797749505164713984
734472607525941252
660527782783557632
762202751749292032
829675848668155904
714130637725151232
365497195773952004
687763777513742336
588105105712492544
842460566492991490
725054332006223872
826061977982210049
761985827064967169
756510939080429568
552899432727846912
773415748148617216
719811909780971520
518043255314075649
232612252140830720
766689332186980352
758988128308690944
606647580118941699
645971554082291714
442243925781147648
751410589075996672
818877273285754880
811184590589018112
625786036409335808
760057736692436992
752618257211854848
766320914455756800
744600235175874560
603292966204092416
751356454498668544
744556275996909569
669445487091695616
706257538577211392
197706381879545856
739386764037619712
695558509723832321
744236448589750272
489313508715032576
744432532620345345
750097305311780864
473898559667187712
715576588113285120
731188762244481024
